title,generated_answers,reasoning
atlaslang mts 1- arabic text language into arabic sign language machine translation system.pdf,"1. Challenges of morphological complexity   Answer: Yes, the paper discusses challenges posed by the morphological complexity of the Arabic language.   Evidence: The abstract mentions that ""Arabic is a Semitic language written from right to left. It is a derivational and flexional language, which is morphologically complex,"" indicating that the complexity of Arabic morphology presents challenges for machine translation.  2. Proposed techniques   Answer: The paper proposes a combination of rule-based and example-based techniques to address the challenges of morphological complexity in low-resource machine translation.   Evidence: The abstract states that the system ""is based on rule-based Interlingua and example-based approaches,"" highlighting the specific methodologies employed to tackle the morphological challenges.  3. Morphology-aware techniques   Answer: Yes, the paper utilizes morphology-aware techniques, specifically a morphological analyzer for processing Arabic text.   Evidence: The abstract mentions the use of the ""ALKHALIL morpho system"" to extract the morphological properties of each word, which is a key aspect of morphology-aware techniques.  4. Specific findings per morphological typology (e.g., polysynthetic, agglutinative, fusional)   Answer: The abstract does not provide specific findings or outcomes related to different morphological typologies such as polysynthetic, agglutinative, or fusional.   Evidence: While it discusses the morphological complexity of Arabic, it does not detail outcomes or challenges specific to any morphological typology.","The abstract reveals that the paper addresses the morphological complexity of Arabic and proposes specific techniques to facilitate machine translation from Arabic text to Arabic sign language. However, it lacks detailed findings or comparisons related to different morphological typologies, which limits the understanding of how these challenges might differ across languages with varying morphological structures."
"utilizing lexical similarity between related, low-resource languages for pivot-based smt.pdf","1. Challenges of morphological complexity   Answer: The abstract does not explicitly discuss the challenges posed by the morphological complexity of the target language(s).   Evidence: There is no mention of specific challenges related to isolating, fusional, agglutinative, or polysynthetic structures in the context of low-resource machine translation.  2. Proposed techniques   Answer: The paper proposes using subword-level pivot-based statistical machine translation (SMT) models to address challenges in low-resource contexts.   Evidence: The abstract states, ""We show that a subword-level pivot-based SMT model using a related pivot language is substantially better than word and morpheme-level pivot models,"" indicating the evaluation of subword-level techniques.  3. Morphology-aware techniques   Answer: The paper employs subword modeling techniques, specifically orthographic syllables and byte pair encoding (BPE), which outperform other approaches.   Evidence: The abstract mentions, ""OS and BPE-level pivot models significantly outperform word, morpheme and character-level pivot models,"" highlighting the effectiveness of these morphology-aware techniques.  4. Specific findings per morphological typology (e.g., polysynthetic, agglutinative, fusional)   Answer: The abstract indicates that subword-level models show significant improvements in translation between agglutinative Dravidian languages, but does not provide specific outcomes for other morphological typologies.   Evidence: It states, ""The greatest improvement is observed when the source and target languages belong to different families (though they have a contact relationship),"" suggesting a focus on agglutinative languages without detailing results for other typologies.","The abstract primarily focuses on the effectiveness of subword-level models in pivot-based SMT for low-resource languages, particularly in the context of related languages. However, it lacks detailed discussions on the specific challenges posed by different morphological typologies and does not provide a comprehensive analysis of outcomes for each typology. The findings emphasize the advantages of subword modeling but do not delve into the intricacies of morphological complexity across various language structures."
structural biases for improving transformers on translation into morphologically rich languages.pdf,"1. Challenges of morphological complexity   Answer: Yes, the paper discusses challenges posed by the morphological complexity of the target languages, specifically Turkish and Inuktitut.   Evidence: The abstract mentions that ""there has been less progress on language pairs that specifically involve morphologically rich languages"" and highlights the ""morphological complexity"" of these languages, indicating the challenges in translation due to their complex structures.  2. Proposed techniques   Answer: The paper proposes two techniques to address the challenges of morphological complexity in low-resource machine translation: the TP-Transformer and morphological tokenization.   Evidence: The abstract states, ""we investigate two methods for building in such a bias. One method, the TP-Transformer, augments the traditional Transformer architecture to include an additional component to represent structure. The second method imbues structure at the data level by segmenting the data with morphological tokenization.""  3. Morphology-aware techniques   Answer: Yes, the paper uses morphology-aware techniques, specifically morphological tokenization, and compares their effectiveness to standard byte pair encoding (BPE).   Evidence: The abstract notes that ""using morphologically segmented data helps substantially with models that are trained on small datasets"" and provides BLEU score improvements, indicating that morphological tokenization is more effective than BPE in certain contexts.  4. Specific findings per morphological typology (e.g., polysynthetic, agglutinative, fusional)   Answer: The paper provides findings specific to agglutinative and polysynthetic languages, noting that the TP-Transformer performs better with more morphologically complex languages like Inuktitut compared to Turkish.   Evidence: The abstract mentions that ""Inuktitut is more morphologically complex than Turkish"" and that ""TPT models trained on the BPE data score 1 BLEU higher than standard transformers,"" indicating that the findings vary based on the morphological complexity of the languages.  ---","The abstract provides a clear overview of the challenges associated with translating morphologically rich languages and outlines specific techniques to address these challenges. It highlights the effectiveness of morphology-aware techniques, particularly in low-resource contexts, and notes differences in performance based on the morphological typology of the languages involved. However, it does not delve deeply into the specific challenges faced by each morphological type beyond the general mention of complexity, which could be a limitation for understanding the nuances of each typology's challenges."
comparative study of low resource digaru language using smt and nmt.pdf,"1. Challenges of morphological complexity   Answer: Yes, the paper discusses challenges posed by the morphological complexity of the target language.   Evidence: The abstract mentions that ""Digaru and English exhibit significant morphological and syntactic differences,"" indicating that the morphological complexity of Digaru presents challenges in machine translation, particularly due to its status as a low-resource language with limited linguistic resources.  2. Proposed techniques   Answer: The paper evaluates both Phrase-Based Statistical Machine Translation (PBSMT) and Neural Machine Translation (NMT) techniques.   Evidence: The abstract states that the study includes a quality analysis employing baseline machine translation models, specifically PBSMT and NMT utilizing Recurrent Neural Network (RNN) architectures, to assess translation accuracy.  3. Morphology-aware techniques   Answer: The abstract does not explicitly mention any specific morphology-aware techniques such as subword modeling or morphological analyzers.   Evidence: While the paper discusses the challenges of translating between languages with different morphological structures, it does not detail any specific morphology-aware techniques or their effectiveness compared to other approaches.  4. Specific findings per morphological typology (e.g., polysynthetic, agglutinative, fusional)   Answer: The paper does not provide findings or propose solutions specific to any particular morphological typology.   Evidence: The abstract discusses the general challenges of low-resource languages and the comparison between PBSMT and NMT but does not report outcomes specific to different morphological typologies.",The abstract reveals that the study focuses on the challenges of translating a low-resource language (Digaru) with significant morphological differences from English. It evaluates two machine translation techniques but lacks detailed insights into specific morphology-aware techniques or findings related to different morphological typologies. This indicates a gap in addressing how morphological complexity is handled in the context of low-resource languages.
hybrid approaches for augmentation of translation tables for indian languages.pdf,"1. Challenges of morphological complexity   Answer: The abstract does not explicitly discuss the challenges posed by the morphological complexity of the target language(s).   Evidence: There is no mention of specific challenges related to isolating, fusional, agglutinative, or polysynthetic structures in a low-resource context.  2. Proposed techniques   Answer: The abstract does not specify any techniques proposed or evaluated to address the challenges of morphological complexity in low-resource machine translation.   Evidence: There is no mention of rule-based, statistical, or neural methods in the abstract.  3. Morphology-aware techniques   Answer: The abstract does not provide information on any morphology-aware techniques used in the paper, such as subword modeling, morphological analyzers, or morpheme segmentation.   Evidence: There is no discussion or comparison of such techniques to other approaches or baselines in the abstract.  4. Specific findings per morphological typology (e.g., polysynthetic, agglutinative, fusional)   Answer: The abstract does not provide findings, identify challenges, or propose solutions that are specific to any particular morphological typology.   Evidence: There is no mention of outcomes reported for any typology in the abstract.","The abstract lacks specific information regarding the challenges of morphological complexity, proposed techniques, morphology-aware methods, and findings related to different morphological typologies. This indicates a significant gap in the information needed to address the research questions effectively. The abstract does not provide insights into the complexities of low-resource machine translation in relation to morphological structures, which is critical for understanding the context and contributions of the paper."
annotating a low-resource language with llod technology- sumerian morphology and syntax.pdf,"1. Challenges of morphological complexity   Answer: Yes, the paper discusses challenges posed by the morphological complexity of the target language, specifically Sumerian.   Evidence: The abstract mentions that Sumerian is an ""agglutinative isolate"" and highlights the ""rich and structured data"" that needs to be annotated, indicating the complexity involved in processing such a language.  2. Proposed techniques   Answer: The paper proposes a combination of dictionary-based pre-annotation and rule-based annotation techniques to address the challenges of morphological complexity in low-resource machine translation.   Evidence: The abstract states that the project employs ""dictionary-based pre-annotation"" and mentions the development of a ""rule-based annotation of Sumerian morphology and morphosyntax,"" indicating a focus on these techniques.  3. Morphology-aware techniques   Answer: Yes, the paper utilizes dictionary-based pre-annotation and rule-based pre-annotation techniques for morphological analysis.   Evidence: The abstract describes the use of a ""dictionary-based pre-annotator"" to improve manual annotation speed and mentions an ""experimental prototype for the rule-based annotation of Sumerian morphology,"" suggesting these techniques are central to their approach.  4. Specific findings per morphological typology (e.g., polysynthetic, agglutinative, fusional)   Answer: The paper specifically addresses the agglutinative nature of Sumerian but does not provide detailed findings or outcomes for different morphological typologies.   Evidence: The abstract refers to Sumerian as an ""agglutinative isolate"" and discusses the challenges of annotating its morphology, but it does not report specific outcomes for other typologies or provide comparative results.  ---","The abstract reveals that the paper focuses on the morphological complexity of Sumerian, an agglutinative language, and outlines techniques such as dictionary-based and rule-based annotation to tackle these challenges. However, it lacks detailed findings or comparisons across different morphological typologies, limiting the insights into how these techniques perform relative to other approaches or typologies."
optimal word segmentation for neural machine translation into dravidian languages.pdf,"1. Challenges of morphological complexity   Answer: Yes, the paper discusses challenges posed by the morphological complexity of the target languages, specifically Dravidian languages.   Evidence: The abstract states that Dravidian languages, such as Kannada and Tamil, are ""notoriously difficult to translate by state-of-the-art neural models"" due to their ""morphologically very rich"" nature and being ""low-resourced.""  2. Proposed techniques   Answer: The paper evaluates two techniques: Linguistically Motivated Vocabulary Reduction (LMVR) and SentencePiece (SP).   Evidence: The abstract mentions that the authors ""focus on subword segmentation and evaluate LMVR against the more commonly used SentencePiece for the task of translating from English into four different Dravidian languages.""  3. Morphology-aware techniques   Answer: Yes, the paper employs morphology-aware techniques, specifically LMVR, and compares it to SentencePiece.   Evidence: The abstract indicates that LMVR is a ""linguistically motivated word segmentation algorithm"" and that the study investigates its performance against the ""purely data-driven SentencePiece.""  4. Specific findings per morphological typology (e.g., polysynthetic, agglutinative, fusional)   Answer: The paper reports findings specific to agglutinative languages, particularly noting that SP is the overall best choice for segmentation.   Evidence: The abstract concludes that ""SP is the overall best choice for segmentation, and that larger subword vocabulary sizes lead to higher translation quality,"" implying that the findings are particularly relevant to the agglutinative nature of the Dravidian languages studied.","The abstract provides a clear overview of the challenges faced in translating morphologically rich Dravidian languages and the techniques evaluated to address these challenges. It highlights the effectiveness of SP over LMVR in this context. However, it does not delve deeply into the specific outcomes for each language or morphological typology beyond the general findings, indicating a potential gap in detailed comparative analysis across different morphological structures."
bbns low-resource machine translation for the lorehlt 2016 evaluation.pdf,"1. Challenges of morphological complexity   Answer: Yes, the paper discusses challenges posed by the morphological complexity of the target language, specifically the Uyghur language, which is identified as having a complex agglutinative morphology.   Evidence: The abstract mentions, ""Uyghur, like other languages of the Turkic family, has a complex agglutinative morphology and could therefore benefit from morphological segmentation.""  2. Proposed techniques   Answer: The paper evaluates several techniques to address the challenges of morphological complexity, including morphological segmentation and the use of neural network feature models.   Evidence: The abstract states, ""In particular, we discuss the data selection process, morphological segmentation of the source, neural network feature models, and our use of a native informant and related language resources.""  3. Morphology-aware techniques   Answer: Yes, the paper employs morphology-aware techniques such as morphological segmentation and compares their effectiveness to other approaches.   Evidence: The abstract notes, ""A useful technique for translating morphologically complex languages is to preprocess the source data by decomposing complex words into individual morphemes,"" and it discusses the use of different tokenization methods, including Morfessor and Flatcat, which are evaluated for their effectiveness.  4. Specific findings per morphological typology (e.g., polysynthetic, agglutinative, fusional)   Answer: The paper specifically addresses findings related to the agglutinative morphological typology of Uyghur, indicating that morphological segmentation improves translation performance.   Evidence: The abstract highlights, ""This technique is particularly useful in low-resource settings such as LoReHLT, where the effect of data sparsity is more severe,"" and discusses the improvements achieved through morphological segmentation.","The abstract provides a clear overview of the challenges and techniques related to morphological complexity in low-resource machine translation, particularly for the agglutinative Uyghur language. It emphasizes the importance of morphological segmentation and neural network models in improving translation outcomes. However, it does not delve into specific quantitative results or comparisons of different morphological typologies beyond agglutinative structures, which could limit the understanding of broader implications for other typologies."
multilingual neural machine translation for low resourced languages- ometo-english.pdf,"1. Challenges of morphological complexity   Answer: Yes, the paper discusses challenges posed by the morphological complexity of the Ometo languages.   Evidence: The abstract mentions ""the morphological richness, and complexity of the Ometo languages which has high impact on the performance of the Ometo-English machine translation.""  2. Proposed techniques   Answer: The paper evaluates a neural machine translation (NMT) approach to address the challenges of morphological complexity in low-resource contexts.   Evidence: The abstract states, ""Thus, the main aim of this study is to design and develop a neural machine translation system that overcome the problem of language resource using relatively resourced languages.""  3. Morphology-aware techniques   Answer: The abstract does not explicitly mention any specific morphology-aware techniques such as subword modeling or morphological analyzers.   Evidence: There is no reference to such techniques in the abstract; it primarily discusses the NMT approach and the challenges faced.  4. Specific findings per morphological typology (e.g., polysynthetic, agglutinative, fusional)   Answer: The paper does not provide findings or solutions specific to any particular morphological typology.   Evidence: The abstract discusses the Ometo languages in general terms without categorizing them into specific morphological typologies or reporting outcomes for each.","The abstract reveals that the study addresses the challenges of morphological complexity in Ometo languages through a neural machine translation approach. However, it lacks detailed insights into specific morphology-aware techniques or findings related to different morphological typologies. This indicates a gap in the exploration of how morphological characteristics specifically influence the translation process and the effectiveness of various techniques."
sub-word embedding auxiliary encoding in mongolian-chinese neural machine translation.pdf,"1. Challenges of morphological complexity   Answer: Yes, the paper discusses challenges posed by the morphological complexity of the target language, specifically for Mongolian in the context of low-resource machine translation.   Evidence: The abstract mentions that ""the translation quality of low-frequency words is undesirable due to the problem of data sparsity"" and highlights that ""common pre-processing methods such as byte pair encoding (BPE) and tokenization are unable to recognize Mongolian special characters,"" which leads to loss of complete sentence information.  2. Proposed techniques   Answer: The paper proposes techniques that include a specific processing method for Mongolian special characters and the generation of sub-word embeddings from a large-scale monolingual corpus.   Evidence: The abstract states, ""we firstly propose a process method for Mongolian special character, which can transform the Mongolian special characters into explicit form to decrease the pre-processing error,"" and ""we generate the sub-word embedding with large scale monolingual corpus to enhance the contextual information of the representation of low-frequency words.""  3. Morphology-aware techniques   Answer: Yes, the paper employs morphology-aware techniques such as sub-word embedding and special character processing. These techniques are shown to be effective compared to baseline methods.   Evidence: The abstract indicates that ""the proposed approaches can improve 1-2 BLEU points above the baselines,"" suggesting that the techniques are effective in enhancing translation quality.  4. Specific findings per morphological typology (e.g., polysynthetic, agglutinative, fusional)   Answer: The paper specifically addresses the challenges related to the agglutinative nature of Mongolian, but it does not provide detailed outcomes for different morphological typologies.   Evidence: The abstract discusses the morphological knowledge of Mongolian and how the proposed methods aim to alleviate issues related to low-frequency words, but it does not categorize findings by typology.","The abstract reveals that the authors are addressing specific challenges related to the morphological complexity of Mongolian in low-resource machine translation, particularly through innovative processing techniques. However, while it highlights the effectiveness of these techniques, it lacks detailed comparisons across different morphological typologies beyond the focus on Mongolian. This indicates a gap in exploring how these methods might apply to or benefit other language typologies."
